691
917
214
173
663
158
701
666
479
-16
649
963
100
822
777
959
358
451
753
960
779
432
479
812
954
15
642
823
436
968
501
479
884
66
3
547
224
703
564
702
34
213
17
486
34
145
444
-52
595
549
703
373
980
533
536
285
547
530
459
335
497
959
813
380
24
815
278
599
870
842
301
255
406
669
740
791
813
536
534
759
436
588
483
767
472
371
51
19
900
861
705
396
819
869
775
194
35
405
793
904
246
445
159
3
113
250
793
277
785
679
387
572
618
869
338
90
239
388
460
138
248
164
885
418
384
12
964
418
416
756
322
13
552
832
15
16
433
159
292
218
-63
30
141
807
898
479
896
489
866
707
978
466
222
215
235
605
226
198
22
-39
305
695
5
856
878
371
871
311
529
514
880
718
543
20
524
793
498
771
633
716
477
962
533
50
176
767
654
401
317
27
393
621
74
397
829
951
119
699
613
1000
565
492
717
459
512
592
251
361
362
235
76
190
197
608
591
724
727
596
125
43
622
869
15
47
266
843
998
736
894
962
735
458
454
803
916
317
394
519
677
107
105
105
648
301
64
238
25
790
833
501
184
807
369
551
853
986
393
202
722
638
164
808
447
969
611
363
285
4
233
313
463
689
769
110
342
833
700
718
974
884
218
510
690
938
60
895
924
804
448
997
442
963
804
888
931
766
602
567
122
186
232
584
875
1000
45
216
832
744
933
158
980
150
667
21
87
726
915
362
529
715
710
322
677
866
210
960
631
811
526
752
997
757
335
871
109
732
438
940
475
370
97
806
871
115
827
309
840
741
671
721
807
732
42
836
597
603
795
228
414
672
979
762
781
666
984
889
397
421
180
223
142
629
29
12
743
207
320
935
947
342
655
106
74
48
941
22
651
735
249
416
758
580
-97
538
597
864
778
345
636
958
919
777
938
299
140
680
505
811
614
804
153
620
909
578
20
201
599
22
935
200
789
44
779
669
934
727
532
711
71
519
20
989
647
957
288
786
989
144
596
954
947
100
926
855
29
945
55
980
318
341
179
106
737
309
774
670
35
657
732
105
175
104
445
821
412
84
606
400
228
553
706
174
5
631
381
33
575
787
364
892
480
542
349
216
202
122
237
236
130
968
692
304
423
137
124
835
220
81
586
447
985
291
973
989
921
353
374
847
491
737
90
970
631
438
185
832
911
421
68
40
741
111
695
163
247
-38
349
819
602
935
617
587
225
941
927
498
293
300
696
784
389
786
105
19
575
290
202
838
62
621
877
154
732
924
317
978
93
17
148
695
951
117
633
528
57
559
377
350
211
72
485
951
209
941
969
784
582
522
973
644
143
201
149
874
124
817
203
569
834
351
263
784
467
247
663
523
805
39
224
367
463
60
317
671
353
-53
806
934
159
130
929
301
331
78
526
454
894
728
22
727
430
636
863
896
882
525
771
39
916
346
405
730
758
722
752
110
358
910
43
868
39
972
520
369
49
45
823
294
773
196
21
202
832
235
450
65
759
572
103
26
269
860
107
26
933
859
487
642
768
530
510
806
853
29
175
253
74
349
546
198
896
918
751
79
152
200
144
263
123
598
640
392
809
747
417
741
605
904
383
724
-100
892
529
989
272
55
241
697
755
138
894
651
408
645
81
559
196
576
173
319
174
813
710
334
559
478
75
515
733
809
238
517
52
766
857
323
173
449
20
279
587
265
929
994
261
10
904
457
585
77
775
110
241
836
444
799
313
870
313
46
678
550
914
729
667
123
403
191
571
774
470
509
39
750
854
299
111
758
107
48
186
233
509
426
68
304
224
-93
173
888
130
202
789
395
930
807
517
333
998
88
106
819
948
496
568
802
147
679
559
253
78
744
838
586
521
905
890
96
989
62
-16
118
616
123
865
545
929
381
229
278
820
687
96
120
534
16
921
680
46
831
285
123
926
122
708
446
378
949
541
367
363
875
836
978
997
700
522
277
433
103
555
604
141
2
723
674
369
995
706
414
825
990
888
750
463
948
195
840
896
735
558
258
609
746
235
957
797
109
234
581
211
140
537
703
141
259
376
510
-93
81
275
430
-45
163
180
236
110
726
76
5
813
985
615
773
730
849
730
879
957
315
459
519
454
995
221
946
606
949
807
211
381
82
992
155
596
171
390
57
249
817
413
61
802
27
833
883
876
914
761
184
228
-61
703
681
566
275
627
171
575
433
733
956
866
725
110
813
247
499
869
495
668
282
555
469
308
388
703
183
653
816
719
881
387
773
561
952
399
539
475
974
324
207
929
541
931
390
354
178
240
222
-52
907
503
579
727
163
318
430
697
970
597
415
850
983
187
763
934
586
301
760
911
976
967
839
517
249
580
222
778
819
443
802
78
298
380
804
460
697
585
156
666
181
571
868
163
109
630
449
46
282
208
956
258
526
146
126
775
725
347
552
896
141
705
973
438
84
776
249
780
713
757
-18
893
679
665
408
787
646
208
185
927
415
140
536
293
286
13
67
362
711
970
257
204
675
229
993
110
357
242
242
69
998
39
961
676
55
720
814
52
927
998
330
694
490
218
986
775
230
404
488
293
725
745
496
751
325
488
861
681
81
102
749
78
492
710
105
898
429
271
949
356
268
278
49
757
847
386
883
429
789
723
721
513
467
568
264
791
55
124
472
488
577
220
917
68
281
22
317
62
292
265
417
911
894
817
20
741
202
902
169
342
624
241
854
442
808
469
585
214
592
408
701
520
627
618
587
260
991
255
321
634
519
89
544
765
905
563
857
458
817
377
799
792
617
4
586
776
473
170
341
416
577
42
936
555
11
874
166
1
129
486
986
999
574
529
763
830
444
971
639
612
347
437
403
315
793
340
442
265
861
783
680
437
824
967
344
186
841
509
538
321
347
523
319
920
403
434
102
846
404
740
457
103
529
212
417
321
551
859
937
764
641
968
200
816
935
895
353
127
756
890
447
102
764
765
373
166
550
474
12
954
566
820
56
94
383
824
766
286
682
54
49
674
21
600
841
955
495
545
81
250
434
879
703
197
996
75
363
545
901
-10
498
466
545
905
911
280
729
28
565
762
81
613
436
101
212
628
408
706
173
840
307
958
719
9
507
714
436
221
258
336
946
108
153
842
12
415
121
740
442
37
502
522
649
289
974
861
268
381
918
792
221
577
750
291
937
256
356
372
828
613
59
125
72
211
966
436
977
439
175
418
475
28
291
476
668
265
336
936
645
605
727
217
181
828
859
118
435
214
841
262
179
252
386
250
814
704
685
791
142
212
208
968
591
499
443
259
763
130
546
759
735
272
328
915
100
538
384
534
752
577
148
930
828
533
531
641
236
568
431
729
131
639
697
721
489
491
331
603
621
876
713
355
148
392
621
599
930
357
484
681
933
631
962
112
164
844
752
751
411
183
480
541
173
528
614
13
18
944
615
638
820
327
344
319
719
317
917
1000
25
400
680
309
31
993
420
546
836
523
296
599
57
775
491
229
654
104
241
672
400
207
661
219
886
357
889
956
25
805
955
401
556
986
709
938
978
480
483
165
2
131
763
59
257
254
639
911
709
232
934
108
438
594
678
675
302
566
630
326
722
936
726
278
921
786
567
250
265
402
415
619
532
177
677
140
782
-12
50
491
898
335
950
688
281
628
714
582
193
344
260
915
279
337
544
552
123
110
801
-8
511
215
357
-59
744
385
534
525
404
935
367
653
270
317
692
550
296
406
483
840
101
94
754
731
431
649
282
905
111
83
643
621
649
352
15
744
88
900
621
491
834
987
144
455
655
835
356
950
592
839
790
692
932
895
423
714
896
704
618
6
138
261
978
139
964
344
882
51
243
854
542
429
193
37
883
847
871
239
149
463
429
290
154
712
536
928
778
431
632
395
436
121
7
766
259
970
109
493
373
352
346
914
780
538
950
14
737
172
604
885
986
384
526
492
448
61
419
225
844
402
619
631
523
978
396
133
299
505
625
671
856
323
936
987
212
237
1000
948
409
604
184
746
987
709
237
434
122
8
658
965
409
629
595
283
958
991
416
256
495
392
279
702
714
214
688
926
451
39
225
211
642
409
956
981
469
545
766
590
552
776
906
312
756
853
595
713
843
-34
320
689
753
598
742
819
-38
429
96
614
819
320
824
461
80
131
793
549
675
558
490
578
333
748
890
88
600
836
152
442
549
472
482
301
69
223
-91
880
3
566
493
821
238
668
633
317
799
425
217
473
335
707
403
667
454
644
107
53
831
258
846
379
81
679
31
150
901
502
381
255
67
226
75
304
893
60
973
43
836
189
868
170
895
270
189
700
913
647
104
95
256
301
473
337
979
503
486
879
4
218
133
423
795
560
78
688
971
50
82
806
591
949
-6
837
218
164
537
482
810
992
576
65
293
-77
401
271
903
238
502
258
808
986
680
602
545
110
641
515
511
723
321
101
671
648
938
241
811
474
74
972
817
650
388
109
49
141
380
303
378
881
561
537
218
592
139
763
53
779
629
564
501
301
664
524
948
601
764
110
426
837
433
595
838
821
703
239
313
434
541
42
666
453
579
884
397
717
998
449
847
978
12
700
279
28
223
578
980
338
40
406
174
824
1000
364
996
54
602
308
488
494
350
153
299
928
388
695
996
385
495
842
363
507
541
993
534
115
922
513
452
961
270
978
137
621
341
132
675
294
440
514
139
789
18
437
716
406
483
711
142
978
904
504
836
445
848
721
559
770
233
363
82
855
340
218
827
680
350
853
973
141
366
463
929
736
900
644
141
734
706
634
711
609
490
898
405
337
618
316
458
851
678
540
57
17
109
883
696
810
736
20
950
453
482
878
188
-56
873
680
467
578
314
529
539
803
427
943
491
44
258
949
246
935
840
654
951
948
537
998
758
624
369
707
76
851
937
616
935
809
295
401
739
608
282
277
762
708
219
253
103
829
553
701
763
392
354
66
339
890
415
448
865
784
507
941
986
443
556
920
251
202
321
341
162
954
617
923
661
188
527
115
16
79
815
130
822
169
547
513
410
962
960
275
745
466
567
730
260
474
1
863
675
321
203
188
626
820
111
638
7
989
753
374
68
567
855
241
87
402
753
497
363
713
123
459
530
41
540
790
866
540
652
-17
213
206
80
838
25
190
476
383
178
228
108
597
146
963
838
585
364
590
433
78
654
555
888
536
947
427
325
812
966
328
703
178
533
782
368
910
323
843
644
853
422
752
449
919
714
638
503
429
580
935
858
585
841
745
120
787
171
796
950
488
475
653
18
360
786
385
269
109
579
912
961
352
15
761
622
80
-94
125
860
682
411
717
266
252
461
386
390
983
533
340
823
8
344
840
367
129
576
987
237
506
-58
549
857
265
662
830
344
412
954
204
93
717
272
710
320
733
447
61
67
980
400
889
987
743
80
705
224
7
691
812
512
-49
361
720
204
374
550
900
137
855
455
581
923
726
290
242
810
737
303
877
68
54
117
54
149
549
110
372
555
800
535
419
739
247
138
295
620
39
546
756
246
1000
336
168
725
978
410
887
66
64
115
133
469
231
538
617
131
647
340
686
446
875
456
536
121
593
182
93
984
727
848
229
78
536
396
155
513
157
41
930
572
155
62
41
737
599
657
868
245
349
905
42
575
360
929
47
304
111
139
639
189
987
867
267
874
615
421
738
771
813
-68
343
967
728
383
55
678
391
922
274
91
178
315
665
537
243
712
-77
705
850
831
894
188
50
512
413
664
284
150
434
448
168
128
414
247
862
468
924
605
742
197
695
919
863
712
808
458
775
352
162
624
182
407
164
583
270
928
246
905
430
-18
352
597
159
117
844
21
937
119
977
678
668
671
948
530
382
107
339
156
458
501
132
992
259
647
574
881
574
820
785
-17
851
137
952
361
605
147
733
541
265
709
570
284
732
518
166
465
624
504
621
434
356
104
425
615
102
350
847
27
169
631
382
371
119
333
84
76
479
816
616
95
877
186
379
608
55
544
72
678
399
44
463
755
499
887
721
600
237
567
627
757
549
360
480
20
692
915
95
522
82
62
616
958
247
346
565
301
241
989
331
640
32
793
746
883
32
466
-69
620
384
460
728
284
819
559
303
862
473
749
383
555
811
351
512
57
48
429
710
641
769
392
632
800
184
377
34
215
194
516
186
929
327
914
212
498
472
515
711
297
615
446
851
425
148
714
834
195
494
895
187
262
286
818
414
469
546
447
36
91
314
573
19
993
486
231
842
310
97
552
606
711
349
808
488
496
873
321
43
719
215
229
980
500
399
745
320
944
544
707
35
209
280
405
201
765
635
394
426
83
298
383
794
646
542
633
142
415
953
184
133
519
412
464
370
810
561
41
106
456
748
492
664
27
896
217
143
883
610
921
965
907
303
110
905
845
742
46
611
46
229
95
916
992
910
285
154
470
678
259
925
425
102
941
803
997
157
945
231
118
865
548
377
520
9
281
364
103
326
974
148
906
420
416
897
329
52
402
799
729
660
75
153
113
367
955
110
875
252
-47
993
468
239
721
987
248
353
350
702
678
675
849
935
94
616
183
423
668
585
573
396
596
999
901
709
366
207
170
592
810
861
936
278
452
656
264
51
8
614
752
37
640
952
323
734
568
506
508
587
442
80
334
37
430
234
745
147
793
266
739
602
127
674
879
930
682
143
980
41
108
83
78
747
34
400
832
953
257
691
539
698
122
873
87
-24
458
183
50
602
449
788
204
927
814
82
856
495
576
187
535
35
621
964
134
654
716
317
959
324
8
849
22
129
73
108
32
531
642
82
132
90
869
687
16
682
769
223
528
696
761
415
731
381
378
216
387
445
532
345
769
539
193
790
20
266
-77
51
148
242
132
631
332
353
318
699
34
438
274
914
133
34
328
215
767
57
782
153
502
314
497
270
852
41
411
871
658
11
274
157
252
405
788
935
757
105
986
143
542
259
56
26
644
735
593
410
791
374
562
644
687
410
265
891
803
675
113
460
37
386
617
641
143
404
927
899
860
912
41
753
170
448
778
814
534
722
223
677
96
137
320
134
546
585
24
348
611
489
160
1000
874
128
640
16
883
566
267
742
830
659
494
999
107
623
164
640
345
739
668
440
875
988
573
772
924
949
472
886
437
631
885
310
-69
876
678
640
794
944
733
623
602
226
973
60
848
137
52
544
875
719
983
101
706
908
872
981
856
343
867
292
325
751
953
434
979
630
425
772
925
157
394
527
734
718
586
934
854
989
477
80
708
460
532
765
367
404
746
222
98
612
865
775
714
817
208
692
799
633
463
723
141
208
601
875
926
187
808
131
527
284
211
234
95
742
999
461
497
744
34
947
707
250
721
420
-22
280
112
217
264
926
939
405
134
540
279
411
78
438
541
604
721
103
-36
816
197
188
628
693
283
14
991
989
263
711
760
681
343
871
897
606
149
188
10
282
727
640
44
156
77
584
759
150
39
948
317
235
135
296
927
769
309
918
757
924
980
869
956
322
739
205
280
239
392
289
872
470
281
915
625
709
851
383
210
889
683
526
123
169
822
401
938
482
670
46
757
2
914
713
323
653
269
602
243
660
243
115
129
875
29
753
583
879
487
793
767
169
670
241
338
843
994
627
677
663
672
433
664
586
497
339
590
765
292
832
424
886
-83
904
760
975
8
343
205
495
487
324
15
156
564
704
351
557
330
27
572
354
459
235
939
956
925
528
72
217
359
848
102
657
751
862
983
111
556
187
957
394
510
971
901
426
27
251
334
708
277
905
61
736
492
999
43
416
878
466
984
589
313
438
245
416
651
227
526
206
765
482
951
275
804
851
52
182
102
385
242
730
290
302
817
133
653
211
548
882
677
884
470
341
321
66
756
971
644
633
528
409
466
478
35
622
680
86
803
133
470
44
863
111
698
679
243
702
890
143
583
566
26
-20
258
698
470
366
20
466
998
547
874
816
376
260
437
55
345
591
540
166
987
402
277
36
80
871
737
321
13
671
238
390
75
496
439
897
861
458
362
210
356
235
25
731
494
461
138
190
52
677
355
390
78
983
425
509
854
161
-37
218
831
67
960
258
914
398
154
774
856
515
984
563
101
8
294
946
821
783
135
224
811
489
613
240
824
37
748
677
549
929
246
731
348
205
988
261
603
141
35
810
655
370
372
107
377
17
52
549
151
186
772
961
27
384
552
850
772
300
878
672
580
123
403
279
328
390
540
282
883
926
443
537
295
166
644
23
183
47
572
333
233
343
646
259
79
197
460
202
848
689
874
780
811
276
58
490
17
597
123
899
522
565
788
168
731
783
191
913
829
762
597
61
456
594
671
886
143
482
88
990
170
961
121
981
236
179
822
252
127
945
151
1
509
290
168
239
72
710
503
900
823
452
961
279
397
983
164
539
465
603
881
634
563
1
966
150
531
788
754
658
732
256
10
592
545
177
183
616
887
685
515
709
488
827
339
885
810
855
775
274
457
655
259
372
8
225
521
890
364
626
899
447
881
908
38
777
437
220
392
323
257
259
383
96
85
74
332
894
928
107
519
736
113
130
107
472
706
980
362
69
605
260
867
838
520
904
614
956
476
358
630
84
616
364
531
700
437
863
946
716
321
816
452
433
945
910
905
650
889
618
70
846
229
936
683
748
192
648
55
19
5
684
454
620
48
984
320
484
846
617
200
166
432
3
951
377
912
207
378
801
176
448
646
404
383
680
504
926
327
558
944
332
594
397
-96
641
381
622
476
578
590
27
744
22
381
46
398
293
252
775
445
427
574
442
182
957
121
685
882
799
595
178
482
188
574
785
180
954
758
7
884
348
34
979
369
414
24
118
58
275
244
502
53
818
943
234
126
415
271
359
214
865
536
695
52
110
479
583
415
589
589
298
936
974
276
304
388
299
773
797
925
16
299
977
185
593
563
310
8
833
669
573
697
204
267
100
665
98
34
80
38
622
729
973
596
357
628
335
7
400
131
932
767
781
260
952
374
174
613
381
6
281
305
54
837
923
505
853
372
538
932
409
512
13
381
459
369
8
793
727
759
275
658
-8
56
270
181
781
795
793
161
801
426
817
206
262
739
63
114
111
952
398
519
463
762
900
921
482
259
65
208
370
340
218
247
747
487
427
527
281
571
39
433
996
855
991
609
593
53
75
703
356
824
574
819
585
825
91
66
83
156
625
804
847
842
402
593
680
180
119
313
751
509
97
98
363
87
707
307
491
133
10
847
956
935
17
540
759
107
957
841
614
933
997
460
775
398
52
806
578
522
118
-92
30
215
425
744
653
483
51
144
615
412
342
570
346
358
461
104
816
769
296
430
702
292
889
828
42
-79
633
619
166
751
298
548
317
74
291
969
557
341
464
523
752
805
445
449
514
905
552
330
26
200
759
79
843
999
906
884
291
890
502
809
992
151
356
308
225
646
629
133
987
444
655
90
249
99
539
114
356
442
443
733
641
553
811
484
552
68
367
194
309
221
2
301
371
357
960
947
3
940
79
341
384
734
782
984
-72
320
97
891
114
892
623
754
444
785
589
347
852
308
541
513
880
894
813
250
251
124
197
605
64
627
297
447
360
78
782
896
398
878
786
511
769
409
616
565
193
205
911
397
864
803
909
743
697
721
344
299
196
540
903
259
167
199
57
878
276
838
773
25
68
559
887
188
319
855
752
511
59
15
259
274
817
167
16
865
239
359
163
435
251
65
45
769
615
102
998
243
-91
771
267
6
681
506
194
351
360
297
861
770
311
120
43
480
638
410
344
877
768
507
311
370
923
355
138
890
808
136
132
99
258
750
456
290
255
649
640
966
298
852
87
960
323
129
439
961
890
135
837
658
993
499
27
915
205
517
804
13
652
287
111
261
37
566
550
643
567
189
961
216
392
47
175
715
176
966
675
417
100
863
74
92
713
453
358
917
969
514
281
-47
800
743
584
188
661
133
831
579
673
791
794
64
837
-29
130
364
285
804
781
384
18
206
827
730
10
185
647
330
698
279
301
849
22
236
37
682
368
219
260
392
9
53
808
197
372
937
913
657
741
693
392
758
250
219
840
260
755
486
589
804
764
242
652
137
477
40
818
197
258
77
940
618
481
747
815
205
684
727
213
776
771
604
885
372
174
724
983
928
561
572
731
677
165
735
813
993
126
631
541
384
59
481
1
892
227
167
96
262
245
660
37
367
263
274
739
789
349
721
716
910
644
799
586
160
885
398
153
10
380
693
745
791
525
98
682
752
264
129
365
861
788
754
227
402
27
317
190
375
390
258
636
385
408
573
545
292
323
49
301
702
93
398
492
618
495
525
721
758
5
85
970
144
190
549
546
568
217
-77
295
958
696
930
343
103
503
239
394
825
639
47
878
731
444
722
700
290
246
772
47
251
209
369
394
398
917
291
966
133
730
-91
91
425
189
785
880
43
375
625
219
13
671
97
95
466
818
795
755
415
566
154
17
774
874
763
524
790
405
489
274
134
100
716
911
640
852
790
683
226
414
253
590
437
349
685
254
518
831
361
285
748
866
301
874
739
415
397
880
820
885
505
953
336
221
215
975
424
4
657
650
770
262
239
206
962
275
811
832
105
171
116
853
36
768
726
126
183
122
5
354
358
510
658
693
82
873
19
505
228
28
506
997
289
97
554
250
371
365
81
476
887
196
680
275
316
405
400
850
878
757
203
587
618
860
631
51
84
649
-72
312
676
413
308
316
509
862
566
879
578
646
706
464
194
385
738
861
141
138
710
370
246
912
308
863
123
290
913
207
939
819
518
966
-99
177
282
91
390
847
322
967
844
379
783
389
764
520
249
256
9
958
978
254
221
285
468
344
575
732
902
865
-71
771
182
485
947
463
576
689
661
897
7
857
275
789
245
390
661
846
998
669
803
327
-35
376
963
94
719
889
826
972
753
728
742
287
212
40
101
787
728
114
35
87
970
662
875
566
403
887
411
752
908
566
430
182
941
393
275
11
281
452
982
386
179
75
672
743
114
124
881
194
237
268
280
206
281
506
124
683
745
886
787
652
-34
216
833
743
960
459
753
593
911
86
978
441
512
1
183
626
124
64
171
713
683
802
918
963
659
393
997
403
279
783
54
729
351
238
824
310
697
928
902
959
14
231
751
525
583
286
502
59
701
672
771
383
825
40
345
484
433
341
886
711
476
292
439
826
529
262
487
577
190
741
887
555
323
638
431
906
923
285
316
975
308
86
357
133
125
53
616
-78
393
853
267
868
144
58
45
25
671
884
601
212
976
488
118
298
477
901
555
751
185
870
725
492
307
81
624
432
133
591
340
877
796
959
97
291
368
141
315
38
376
916
602
351
755
719
649
231
619
555
981
155
425
57
647
83
489
622
514
973
213
206
849
8
164
945
298
531
438
965
920
813
880
873
164
986
944
164
568
914
718
548
69
494
956
715
577
444
336
442
416
900
999
264
259
514
561
557
396
998
-88
316
810
752
540
325
89
483
488
656
397
558
555
817
51
510
531
979
953
218
773
368
118
771
983
376
285
543
284
680
892
156
347
54
259
887
378
347
721
218
2
469
775
556
285
177
65
815
156
369
385
280
88
502
402
71
229
686
965
865
718
209
20
416
262
279
654
639
625
375
856
627
843
982
534
128
159
951
294
666
319
678
945
759
531
346
181
112
384
145
976
453
705
995
868
966
625
522
605
250
248
812
228
90
794
761
569
952
63
215
617
382
244
913
140
127
610
672
238
345
168
565
797
873
911
17
838
536
538
794
785
785
606
364
226
399
476
-78
702
539
361
670
920
604
934
411
730
543
434
319
888
601
883
36
473
794
52
311
329
941
104
465
725
709
180
303
459
655
449
512
193
161
181
464
764
114
226
846
9
659
516
248
260
751
283
732
544
687
394
224
627
498
40
352
558
219
6
369
873
454
880
66
966
413
881
729
526
107
926
534
765
794
133
376
544
416
460
87
102
853
662
728
702
53
431
612
271
788
332
495
593
563
912
558
975
793
639
501
899
564
386
15
709
519
743
252
286
202
690
739
406
351
818
460
403
249
423
25
36
754
520
981
316
431
538
291
575
176
143
825
92
880
192
800
750
934
52
387
487
741
125
244
444
943
703
198
543
477
223
930
230
94
910
898
524
448
540
99
623
34
923
66
265
466
866
15
399
917
401
885
9
878
481
452
820
535
2
714
12
224
643
593
317
553
490
192
352
381
642
326
766
917
392
31
382
257
45
781
525
797
17
885
674
497
337
845
32
338
558
395
913
553
987
581
105
829
772
808
209
414
133
975
682
524
5
63
132
401
195
656
549
564
541
575
412
229
419
795
918
329
189
182
881
176
762
-93
4
885
144
564
650
628
890
331
152
246
394
635
646
940
643
547
503
183
121
915
763
891
709
32
571
898
565
451
425
326
139
780
562
282
343
212
910
585
542
413
830
287
47
828
579
689
374
81
223
494
347
337
736
56
-10
307
305
284
109
729
961
248
860
523
881
554
734
142
138
627
906
968
266
953
795
844
993
168
924
568
13
271
256
748
678
976
406
982
259
867
62
572
114
921
94
346
826
827
840
964
805
745
931
70
49
725
913
42
244
189
961
256
459
216
355
136
191
113
469
802
979
882
373
444
154
466
789
979
644
628
942
800
725
872
870
773
948
134
166
543
322
126
798
780
694
505
267
884
969
87
37
947
968
761
742
121
578
530
452
573
510
393
373
234
617
242
358
916
727
-1
459
49
1
608
180
694
112
799
930
432
885
966
-2
853
727
471
325
304
353
776
877
862
521
249
447
137
842
804
404
920
679
862
968
680
470
148
373
933
946
302
365
182
620
94
386
346
565
63
1
917
838
229
130
710
477
576
198
670
731
602
942
762
463
909
441
284
408
165
217
705
819
933
887
438
26
624
135
590
686
487
506
876
716
635
585
544
562
783
566
645
736
507
406
550
415
198
834
175
714
402
879
532
334
117
321
359
741
807
301
426
294
806
301
-70
793
886
904
706
20
469
702
107
975
459
656
742
656
841
916
722
242
794
605
575
911
278
286
651
-34
586
76
729
743
729
89
887
614
993
593
985
461
294
91
788
753
98
529
760
939
444
481
180
237
438
107
499
715
-50
501
150
329
929
879
71
657
967
958
622
311
550
606
124
195
48
911
299
145
439
411
83
882
891
615
470
680
721
321
394
464
821
544
792
749
774
862
757
740
819
378
403
720
983
526
267
382
436
565
527
226
975
961
459
218
575
280
249
647
600
643
110
773
538
253
873
311
467
630
402
285
7
804
357
990
329
975
723
116
891
249
341
866
562
799
435
136
79
683
135
30
677
596
802
214
849
675
876
315
304
278
951
310
433
659
651
114
633
374
229
524
974
922
741
535
720
527
23
150
561
157
180
238
104
981
803
952
7
679
266
310
308
569
972
92
227
974
205
212
699
786
735
673
-27
827
559
426
353
933
928
913
441
107
502
545
439
657
496
446
687
114
107
994
34
430
85
260
404
642
823
102
427
557
126
133
735
685
910
439
969
837
704
410
295
205
954
734
213
449
531
899
914
637
244
947
419
329
559
822
322
381
275
748
290
401
232
24
437
141
463
405
978
166
814
624
722
767
357
935
568
887
833
833
876
77
132
294
757
690
467
430
422
741
177
711
493
408
87
929
900
901
686
229
66
499
853
139
618
209
425
537
448
610
721
675
686
852
320
794
893
138
223
315
878
751
25
723
510
111
651
409
11
336
638
428
187
490
919
156
50
343
692
849
952
412
875
989
616
546
134
508
683
708
822
913
458
199
635
319
661
-52
728
24
325
717
451
511
206
721
666
607
416
709
-77
367
472
682
708
87
228
193
595
910
901
768
822
710
966
808
-94
627
445
108
650
769
824
452
631
381
173
648
339
588
356
146
306
179
828
365
266
55
910
212
316
810
979
490
871
945
297
251
571
93
710
220
861
885
23
843
265
547
490
604
134
845
749
792
24
928
508
641
982
417
852
298
578
830
787
449
126
-96
51
696
528
761
267
740
997
642
583
262
188
72
217
674
269
317
465
644
245
324
284
578
741
487
227
670
668
365
470
794
800
521
841
327
633
108
418
629
749
1000
242
288
72
810
961
692
127
425
335
723
101
970
300
193
456
527
862
123
891
332
916
42
204
757
368
188
216
138
168
316
137
410
603
560
219
564
251
697
340
937
419
440
906
719
984
713
597
846
836
487
529
103
529
732
211
248
271
778
385
438
445
874
199
400
785
770
963
36
466
654
324
237
446
230
955
429
294
903
626
129
389
154
584
269
237
146
869
507
924
605
297
720
830
495
119
615
264
433
650
82
87
325
318
884
906
624
664
200
526
290
328
266
795
263
-48
32
409
755
890
684
711
186
403
541
681
522
155
296
954
156
377
392
480
694
275
386
669
291
585
194
580
264
812
374
879
698
757
287
804
647
322
514
184
724
406
864
597
560
512
551
67
888
294
899
934
569
284
602
859
220
148
790
835
959
515
713
8
624
351
811
270
24
324
805
748
82
21
344
641
532
246
60
771
540
958
704
460
593
658
670
164
157
811
998
467
325
63
474
948
765
284
569
789
959
374
888
40
394
231
681
277
829
92
47
720
49
751
179
641
760
200
804
268
10
153
734
334
567
207
634
332
490
554
-53
448
927
359
488
672
941
520
948
769
611
995
488
11
97
18
3
208
217
806
-41
226
310
208
912
877
766
897
560
255
450
31
54
729
389
541
400
329
412
700
450
374
46
937
384
494
955
386
701
523
543
527
749
205
86
660
81
851
908
640
457
357
670
510
85
410
403
837
738
814
888
187
540
933
476
923
778
782
661
-57
304
555
356
404
759
793
415
191
995
322
182
451
679
203
960
115
612
714
303
702
528
190
240
67
474
67
341
251
200
353
432
504
260
787
259
370
931
674
561
925
347
94
375
25
297
687
492
260
400
794
313
279
336
553
697
809
971
390
412
171
742
843
26
353
982
284
723
912
957
635
189
304
728
563
680
376
601
523
988
1
317
300
279
4
204
976
164
175
717
575
345
458
770
370
811
103
653
885
14
962
519
202
617
598
117
648
974
717
171
961
69
839
260
700
842
464
675
5
990
391
932
334
200
701
55
362
803
59
-95
168
372
116
722
988
714
190
988
-89
258
158
999
327
996
610
26
189
425
52
545
414
794
476
99
345
528
505
59
682
564
656
202
935
124
923
275
837
464
262
875
721
771
225
399
118
834
776
306
611
827
850
376
972
678
475
317
205
979
727
887
894
382
440
181
505
714
807
693
177
68
919
249
190
143
648
307
329
775
964
291
602
165
666
925
194
140
593
399
471
319
637
716
701
76
896
557
789
702
250
317
121
168
565
310
663
564
968
343
339
283
633
292
448
298
216
-33
790
809
391
260
127
379
975
179
454
223
736
594
276
337
910
397
504
827
58
518
390
378
860
80
660
492
723
459
790
291
100
931
99
842
190
577
221
516
108
26
90
195
972
366
531
881
114
386
59
523
904
801
900
115
880
560
959
955
18
100
245
469
30
695
-49
219
623
883
86
730
260
528
276
231
893
806
464
358
544
522
880
799
322
780
913
554
339
871
860
708
322
104
177
351
798
839
921
772
73
7
854
332
534
129
915
778
287
378
135
830
251
14
628
573
145
892
478
483
115
689
191
436
792
719
787
941
909
707
712
981
65
565
664
950
46
578
79
332
307
565
161
558
931
140
482
75
31
959
558
497
647
100
933
790
170
71
82
430
129
793
410
546
710
425
847
755
355
926
438
661
490
598
218
420
737
699
847
119
9
756
616
7
207
900
796
376
970
877
805
98
22
566
643
83
342
490
189
696
767
626
357
608
575
926
380
663
625
226
781
633
-44
748
992
187
647
787
914
616
16
70
66
389
987
60
823
328
549
11
376
667
636
84
275
210
9
654
224
633
879
4
618
211
752
609
397
750
747
662
718
114
731
783
854
69
842
676
396
743
686
123
409
673
206
683
234
215
688
457
199
918
813
168
128
916
776
876
665
875
889
382
340
619
164
194
39
358
869
787
100
907
909
860
579
115
-27
813
681
582
621
879
852
433
47
979
348
174
207
13
400
95
746
740
66
262
285
104
619
153
890
70
59
799
281
990
265
175
154
945
109
774
175
960
559
221
290
906
747
496
270
498
591
368
237
8
629
521
111
599
26
353
20
436
503
300
425
767
827
578
711
287
704
885
246
262
458
887
519
556
383
789
53
325
156
642
332
136
514
794
86
539
498
105
327
1000
756
751
766
934
681
828
220
384
713
465
997
522
352
515
77
86
303
481
762
810
122
445
297
988
238
382
526
736
838
852
87
594
955
853
527
635
680
747
370
744
563
366
617
266
880
45
703
535
526
464
344
999
908
993
986
498
374
864
585
212
67
671
157
21
523
683
7
555
781
376
298
696
741
915
961
621
311
16
155
836
479
850
187
387
194
172
236
568
387
820
131
454
490
287
826
365
969
833
919
102
208
568
797
301
834
109
921
145
124
427
332
603
628
518
341
-43
42
576
741
428
747
871
881
588
157
707
952
477
891
222
578
98
142
374
398
975
483
670
471
958
448
803
560
76
672
252
249
65
179
989
493
925
859
725
513
367
783
816
843
673
390
773
123
531
146
872
857
980
542
328
290
341
482
849
768
505
101
16
570
279
356
62
556
566
138
420
932
273
235
127
945
624
899
419
154
396
291
363
728
184
690
17
524
523
865
292
27
317
659
596
948
15
9
503
580
147
922
864
419
508
990
715
484
888
486
637
283
128
351
10
311
40
26
186
562
243
829
941
559
840
536
858
854
897
712
785
43
985
648
813
493
637
879
976
876
716
964
159
843
315
520
505
706
546
43
620
788
223
560
698
62
447
908
915
343
619
52
737
604
699
901
448
-86
132
775
563
847
738
721
42
404
241
546
110
138
940
81
277
163
640
326
224
438
233
491
781
204
542
517
807
592
770
606
279
901
380
842
99
469
914
140
225
154
38
686
643
977
766
919
491
757
245
67
194
477
909
326
32
802
195
838
393
964
795
24
864
526
865
962
995
130
454
219
636
491
904
278
819
21
197
662
777
793
728
970
621
988
296
653
789
490
842
533
805
637
556
20
162
772
981
508
902
786
78
537
276
333
814
447
353
362
108
129
154
187
451
775
174
98
779
962
939
620
494
743
608
402
762
122
173
94
629
74
880
59
962
507
391
776
953
744
489
412
224
643
-42
674
769
771
771
547
732
709
518
578
451
126
979
212
599
503
658
579
577
537
637
538
43
28
665
348
123
154
759
346
148
357
20
268
-12
142
166
211
851
683
140
653
160
470
217
758
972
874
689
900
762
325
438
804
704
454
503
178
959
262
524
106
618
895
373
96
36
538
658
238
573
797
243
732
618
459
842
590
332
882
489
445
206
278
248
262
732
103
791
42
364
666
148
333
560
872
780
948
410
438
537
982
586
779
65
204
237
258
145
920
139
633
364
697
263
964
310
994
66
100
35
781
766
534
113
677
406
892
-51
167
681
513
148
267
643
564
822
232
822
966
503
312
950
219
8
212
534
317
557
599
769
944
731
534
477
195
562
234
438
538
400
119
402
899
737
396
463
910
627
636
875
130
299
176
348
307
388
881
975
944
831
743
887
913
628
716
107
190
949
544
-72
349
14
480
599
102
875
61
11
854
48
237
335
347
413
682
5
152
914
979
95
96
74
334
8
701
49
466
890
349
9
968
49
375
799
648
476
26
60
487
879
460
75
213
806
487
246
162
638
511
492
85
606
565
770
965
266
170
430
507
518
790
475
567
164
625
566
992
650
625
830
880
84
904
444
241
743
41
402
732
551
894
816
508
810
937
472
75
106
253
934
624
43
760
542
558
384
107
549
386
731
730
617
167
634
61
407
728
453
809
459
4
54
627
511
863
563
335
290
21
587
223
644
629
982
537
539
717
643
439
102
725
169
719
891
154
131
650
881
583
810
691
938
863
669
801
77
584
135
718
604
721
292
599
350
273
487
240
342
481
678
443
205
846
513
448
999
995
449
231
930
-59
274
867
472
942
667
548
877
801
618
480
874
909
430
575
534
916
814
875
396
491
669
953
337
182
752
687
528
200
270
457
457
543
676
928
836
694
827
65
847
796
896
720
705
326
294
238
593
107
464
341
949
132
293
-74
665
396
324
193
595
945
1
403
839
28
-89
674
722
508
738
920
304
634
639
360
311
284
597
903
742
412
595
690
543
887
679
208
634
2
752
228
298
752
630
136
132
663
161
205
171
251
124
826
884
114
185
546
749
133
800
490
544
395
531
438
633
209
645
267
562
748
846
859
852
828
346
-24
490
507
187
660
757
662
837
992
775
21
889
523
505
688
364
400
434
894
838
67
455
834
333
368
582
178
579
433
5
924
415
495
782
953
506
890
614
343
881
388
715
121
262
572
809
625
971
242
870
808
660
676
642
344
-77
223
522
974
7
878
897
421
724
31
725
582
920
338
276
153
77
342
273
690
913
433
314
884
675
535
43
686
211
36
30
606
610
903
579
616
780
827
388
856
857
112
789
777
801
64
281
877
757
553
566
670
986
231
905
12
118
947
697
680
335
726
285
944
628
215
912
760
393
299
967
250
411
107
378
211
170
658
-73
926
562
357
947
547
588
851
558
705
150
607
384
836
684
20
779
664
586
690
423
978
341
741
579
103
847
308
313
368
317
104
645
879
461
944
777
48
146
687
104
647
293
839
482
976
858
613
639
-59
654
413
772
994
505
703
96
351
10
761
70
327
864
715
205
676
658
333
723
803
19
178
450
311
16
283
639
225
895
277
371
549
42
143
542
546
845
990
897
854
750
318
532
965
32
88
641
41
421
715
196
439
893
-100
102
260
279
740
837
174
16
207
722
57
701
-25
603
897
604
851
103
705
520
634
670
904
74
662
944
494
376
491
932
620
487
33
232
766
124
420
291
140
626
364
548
679
330
502
575
286
704
677
990
224
663
11
127
736
672
422
581
400
913
864
-47
399
249
602
516
372
21
158
511
999
521
411
677
851
912
603
136
616
632
477
191
294
840
317
381
863
738
961
262
650
824
633
401
72
586
916
444
607
74
306
957
946
716
633
148
628
587
635
595
218
112
785
863
303
453
-40
165
190
203
427
192
379
411
944
450
996
211
245
954
636
551
910
582
618
894
729
597
481
716
543
698
179
679
913
481
131
155
645
673
710
423
216
88
833
159
889
181
369
486
486
5
36
396
938
5
289
18
602
121
733
144
171
911
823
83
391
305
237
36
977
298
810
544
385
643
702
626
175
423
111
660
-18
498
407
716
502
48
733
455
168
466
951
338
728
125
772
119
429
361
506
758
658
667
301
395
309
355
20
835
777
130
495
203
979
253
918
480
300
2
287
468
467
237
157
547
713
929
665
141
641
522
250
298
188
903
692
849
257
63
35
33
192
881
587
522
134
504
354
433
857
640
900
324
228
409
870
940
689
886
432
329
759
682
626
298
936
670
146
192
732
533
224
276
413
810
797
546
665
150
-57
521
789
230
196
368
638
417
307
678
654
739
6
412
772
984
710
707
653
207
250
384
739
473
11
504
634
808
49
298
957
27
818
98
609
366
465
598
782
124
276
436
214
281
847
337
264
908
395
916
467
644
652
557
468
662
60
101
821
109
398
130
487
567
227
447
932
43
45
714
-43
320
149
731
600
347
67
216
607
461
483
425
456
486
333
923
500
393
23
320
853
772
449
691
339
27
138
270
422
182
335
939
853
835
670
804
534
88
19
492
901
854
916
356
339
248
631
838
992
653
-62
844
777
958
887
115
337
24
736
110
557
71
48
761
257
69
564
790
157
935
281
409
788
548
764
126
796
746
316
139
751
825
983
527
134
221
641
470
596
728
579
152
150
979
912
407
47
827
548
555
761
829
963
548
728
79
674
875
176
341
14
926
165
348
452
298
568
444
120
163
172
50
666
321
28
929
79
427
755
627
981
516
807
296
63
534
726
88
409
901
428
422
827
592
121
630
242
-24
74
361
202
245
410
867
565
790
795
996
216
549
622
548
64
780
195
479
313
920
566
73
173
994
846
351
937
966
980
530
653
53
890
854
297
652
72
214
793
866
209
8
767
182
907
830
961
102
308
625
373
226
698
545
571
543
247
859
509
227
389
513
279
630
719
928
281
790
141
73
8
701
432
774
234
339
955
194
792
263
818
164
840
515
61
410
410
307
620
918
533
8
782
812
638
500
91
270
290
231
343
649
283
126
422
516
464
376
61
255
990
878
771
829
745
831
590
154
137
210
-48
22
569
204
185
206
704
275
476
345
857
170
993
139
295
766
6
111
141
-62
717
483
943
487
663
39
669
253
192
158
814
966
179
382
170
715
940
225
989
415
569
845
936
913
335
230
30
340
692
170
757
409
4
51
247
667
90
916
919
633
73
84
599
603
465
120
317
404
344
305
170
264
501
457
176
187
687
557
878
730
726
634
138
730
684
737
396
125
652
666
758
76
749
708
30
565
827
346
321
170
2
842
785
854
299
960
392
337
868
269
66
593
254
556
674
289
292
421
414
295
438
523
722
538
582
751
103
408
96
775
929
449
616
713
302
266
24
693
602
891
313
20
835
566
927
861
-72
218
633
619
864
71
493
585
608
74
687
62
481
134
188
761
582
156
473
235
421
496
927
375
738
591
746
573
156
672
785
361
241
417
332
104
487
176
40
447
250
726
860
82
859
48
843
792
203
667
26
975
515
304
349
252
894
94
-26
401
765
960
761
357
377
444
460
215
620
851
661
221
928
873
302
138
920
496
929
474
163
954
448
29
257
149
632
150
594
808
550
711
119
663
67
847
458
879
-45
429
729
74
649
657
946
951
146
217
798
75
690
312
380
490
340
637
638
972
138
231
131
40
293
249
54
360
96
511
238
509
940
318
582
940
326
880
242
472
96
40
546
786
351
925
275
691
913
264
14
403
494
144
442
787
392
847
498
839
357
735
347
648
404
929
940
730
808
181
201
903
220
98
40
571
374
666
613
639
929
626
41
423
769
834
561
512
680
58
351
388
144
697
36
547
977
975
628
136
507
180
391
727
277
-39
649
3
96
613
641
24
238
33
798
358
866
710
221
545
119
571
932
262
620
319
161
596
645
788
84
152
968
474
878
596
255
878
950
350
490
942
726
79
974
875
788
839
585
8
383
703
931
315
317
902
633
477
849
278
616
932
429
935
405
658
531
660
887
832
361
376
774
438
806
747
313
593
586
249
952
968
303
882
282
619
783
267
-42
984
544
63
915
324
997
672
333
879
331
219
711
43
946
484
833
751
230
497
343
167
745
646
135
399
880
768
18
14
386
816
997
929
878
912
604
227
-63
936
105
265
506
167
659
451
650
491
201
232
339
895
398
435
541
884
834
772
4
203
785
389
18
782
670
248
45
625
474
979
561
930
595
418
97
253
869
98
-19
69
681
434
316
431
869
208
666
54
979
669
256
763
58
625
896
79
872
940
703
697
918
615
627
864
33
75
117
253
524
564
321
557
349
988
987
569
195
652
622
173
673
877
288
730
854
183
160
725
475
862
774
744
829
752
608
861
826
76
113
701
639
785
257
987
773
595
556
319
247
529
844
919
-38
483
1000
611
17
159
335
491
372
460
587
200
211
194
-40
388
269
524
89
259
661
697
597
785
292
504
103
538
33
298
-56
790
780
807
400
797
317
86
639
40
546
225
240
756
418
651
144
38
527
584
648
187
280
245
971
571
-43
425
460
132
75
619
921
854
425
320
2
93
758
641
133
303
217
724
410
635
374
553
24
252
488
672
438
768
268
760
690
367
537
502
499
611
120
419
816
897
91
170
341
848
162
473
502
378
548
911
364
922
816
740
525
303
411
963
422
30
74
464
396
962
965
894
572
436
313
740
332
755
261
25
954
422
497
455
799
45
365
515
318
532
254
842
187
664
156
608
45
582
423
440
543
739
334
467
175
998
558
858
752
818
882
705
239
731
511
389
127
227
903
796
759
156
989
945
171
-24
904
215
78
679
-51
972
417
340
438
943
337
347
153
440
164
386
496
754
116
358
143
594
584
45
741
694
553
730
990
723
578
894
290
655
572
-41
978
340
635
768
283
323
114
787
114
630
172
961
383
640
318
525
585
253
922
326
947
826
407
936
900
984
181
189
990
104
484
967
444
470
734
78
144
200
864
257
829
387
217
211
26
886
88
611
139
361
288
85
186
694
372
85
677
553
626
666
656
461
632
451
931
718
880
74
917
95
683
745
482
899
955
859
137
394
469
275
754
756
711
939
449
-19
376
477
986
1
142
994
461
774
444
743
491
676
817
407
770
499
503
603
749
809
462
237
203
282
511
956
390
573
247
190
7
622
667
992
974
808
-18
786
933
781
881
423
808
697
181
-71
547
35
180
647
844
993
884
46
274
746
353
663
671
599
853
677
572
519
20
897
326
357
683
611
489
563
33
296
611
566
224
509
952
755
507
795
747
390
192
21
488
545
683
510
143
887
186
67
405
557
963
83
265
997
693
753
911
77
400
873
994
624
381
946
730
240
92
477
629
284
849
468
828
531
977
322
770
514
388
526
423
703
960
687
51
4
792
962
433
543
834
426
518
567
723
248
806
815
724
786
450
572
606
277
454
934
950
575
448
690
101
222
392
60
260
442
416
51
755
848
594
589
625
463
507
348
710
664
514
785
-64
315
356
54
943
162
340
892
88
139
581
-9
360
324
600
619
766
15
22
520
862
967
460
838
429
966
185
139
629
50
923
430
716
631
835
658
144
174
550
231
312
482
771
23
806
370
642
571
736
15
442
949
981
902
786
409
219
323
899
200
372
174
629
440
804
815
97
299
-94
646
881
652
128
651
675
933
372
668
855
107
682
296
55
662
197
193
422
768
515
321
967
238
494
595
677
649
409
774
299
749
771
179
401
898
182
427
182
553
94
388
660
775
684
66
788
232
258
209
999
772
881
317
362
374
911
38
374
672
811
672
772
582
851
524
831
32
950
365
936
43
752
947
169
787
13
956
19
622
517
369
746
397
686
107
771
948
144
496
971
307
168
743
888
370
266
70
753
568
786
688
962
538
635
131
324
647
438
694
620
954
415
365
703
452
823
825
399
967
320
722
273
487
464
512
208
81
933
960
1000
719
648
962
608
282
92
931
280
881
977
899
187
391
616
889
194
438
713
592
756
384
313
380
-38
128
243
430
561
176
390
560
894
37
873
853
670
316
135
301
197
111
551
383
853
166
623
46
956
335
990
711
718
654
443
292
134
685
722
-64
860
111
957
105
499
830
957
520
145
92
820
341
554
370
75
759
888
697
156
843
383
145
905
453
151
699
744
284
384
465
329
595
927
285
700
425
114
8
296
611
451
115
303
357
837
378
115
-71
426
622
918
809
767
174
261
269
873
356
552
608
821
232
202
99
868
253
876
334
613
171
944
415
638
246
771
474
975
237
549
401
859
466
209
977
991
821
245
215
176
148
822
348
379
24
447
246
628
322
579
240
492
874
655
129
472
777
954
446
14
502
846
224
319
406
200
310
226
796
524
754
943
698
101
673
73
899
270
700
220
201
292
64
74
298
544
897
74
850
343
439
351
188
14
670
946
565
331
171
360
206
276
654
903
729
678
975
627
948
27
199
500
318
614
925
967
509
822
40
358
164
831
709
703
844
730
648
409
412
171
120
617
446
774
520
174
803
846
-85
750
872
703
249
541
316
174
507
824
-4
899
534
510
81
594
212
924
323
212
684
734
382
804
702
827
929
573
353
731
419
857
833
642
559
433
535
226
958
393
49
952
643
934
813
723
527
377
999
-65
588
682
286
969
837
988
147
117
560
851
848
330
707
32
324
265
464
210
842
422
602
891
725
245
824
538
967
703
266
317
903
853
999
189
821
187
176
319
304
87
170
503
417
228
534
92
845
349
301
686
770
902
576
847
498
752
736
817
806
1
133
708
853
483
896
25
670
423
343
325
510
864
827
278
92
712
369
936
60
669
621
182
922
549
380
772
652
115
588
457
467
72
164
671
907
412
695
576
834
389
900
343
605
78
620
696
141
340
631
200
360
603
733
282
151
112
405
802
578
344
610
396
767
774
66
673
185
112
248
18
853
499
713
457
928
332
504
68
24
134
620
383
88
704
16
239
168
420
392
745
115
2
493
882
127
558
554
663
22
154
32
874
4
744
682
932
428
185
351
-74
670
970
833
757
674
849
347
193
620
739
289
735
92
781
616
570
339
521
232
712
674
263
585
678
7
266
961
786
450
311
236
119
633
68
875
658
268
574
850
240
312
138
326
755
919
293
324
609
813
907
320
487
169
904
516
527
521
476
312
322
138
547
440
770
967
666
427
586
239
276
177
902
766
502
8
684
794
683
644
959
589
963
445
110
218
312
636
738
787
300
59
924
198
850
694
516
867
472
454
458
100
630
359
865
484
719
-14
629
401
543
587
990
857
31
451
74
694
86
163
480
737
573
756
935
422
449
450
640
272
255
97
371
885
808
587
368
526
838
-26
278
380
935
267
588
965
69
661
11
507
175
490
-37
747
245
529
520
45
979
512
317
585
608
39
469
415
978
188
292
815
536
-37
547
470
188
134
786
257
147
796
763
673
286
357
420
882
886
291
927
216
802
595
800
762
985
269
176
314
808
820
129
343
741
27
812
280
160
950
536
658
745
650
331
382
7
102
264
244
744
542
459
546
488
258
307
824
878
834
138
686
5
266
380
745
644
544
25
155
493
912
813
589
914
495
971
272
948
586
515
691
479
973
588
966
582
246
141
460
432
278
497
436
895
876
533
538
419
909
693
263
172
857
852
85
351
822
708
650
407
222
340
885
546
928
202
128
525
342
587
956
972
83
744
866
310
276
756
81
536
448
343
707
656
194
792
358
15
851
7
773
73
346
9
618
625
210
745
150
904
683
457
875
117
200
92
779
475
847
859
10
646
201
69
301
395
212
658
761
62
16
534
134
714
542
104
690
104
200
191
7
235
648
881
703
847
324
481
674
171
339
35
816
-13
103
469
286
314
126
46
376
494
579
861
207
473
964
896
576
516
87
934
750
86
814
452
932
489
933
605
659
623
992
475
-88
94
295
799
760
772
197
487
265
127
347
471
599
663
719
526
178
157
459
279
242
624
82
173
113
14
130
771
989
473
597
502
566
891
653
677
663
201
163
927
327
510
750
278
524
820
803
53
976
262
331
217
885
764
741
997
130
222
120
118
694
716
971
612
959
975
288
621
175
803
899
854
664
1000
131
-45
819
933
591
146
194
273
714
431
36
455
779
165
28
898
282
74
966
605
685
924
579
324
896
106
126
146
959
141
146
89
327
316
21
269
462
567
541
175
349
577
981
127
741
9
25
375
82
990
979
118
265
909
793
160
366
271
305
324
411
802
764
90
118
137
358
579
703
899
105
51
827
86
529
919
446
553
293
-79
894
623
348
158
884
140
669
249
762
974
925
525
775
688
966
244
824
675
822
-74
925
279
280
751
364
809
670
809
713
314
687
607
289
34
116
524
525
137
772
639
462
696
515
588
384
480
832
559
154
5
437
79
283
716
181
998
524
202
806
237
868
844
195
156
229
662
679
106
150
802
744
611
850
258
199
585
89
382
143
242
386
579
672
21
647
205
18
170
406
176
758
625
371
304
780
600
318
810
705
467
612
800
430
461
57
980
397
145
361
539
738
-29
470
762
118
116
318
488
285
75
15
395
700
385
50
479
984
367
641
40
186
252
839
615
64
247
594
460
391
954
350
481
403
819
594
873
934
911
360
571
985
726
965
684
110
366
515
446
733
155
837
918
758
676
884
821
922
477
632
665
782
981
497
184
152
90
56
85
352
767
7
336
492
323
372
954
689
238
399
421
392
235
690
149
262
573
321
184
49
304
200
830
636
696
13
787
137
421
224
488
187
230
175
679
553
546
632
241
135
382
661
526
968
702
26
230
274
698
765
674
353
316
503
989
11
867
775
147
287
350
986
826
580
160
856
132
58
487
372
192
220
384
70
539
437
447
120
710
497
884
383
849
199
237
837
561
455
964
59
94
313
44
271
244
556
126
375
965
964
98
156
183
833
577
73
269
24
193
330
520
76
64
720
627
652
557
539
107
872
598
552
536
-36
822
132
900
299
506
864
262
956
-54
796
140
948
868
409
971
60
738
842
488
154
562
114
805
470
4
263
693
953
166
580
946
987
711
197
637
569
-19
898
524
432
693
15
379
561
423
702
972
513
895
459
666
808
-97
470
629
928
85
321
880
250
901
177
589
963
374
225
531
786
123
406
217
167
421
947
79
195
648
51
707
543
509
724
702
433
546
331
712
630
651
943
879
903
120
467
218
845
692
748
630
166
506
198
332
926
144
411
472
792
461
531
686
321
254
387
105
799
717
816
428
720
759
659
974
230
477
191
74
168
939
55
685
796
252
17
73
747
779
544
890
591
74
575
911
328
314
368
478
382
183
258
101
293
268
427
522
744
617
947
912
907
1
596
702
604
964
774
351
94
670
240
684
743
167
947
422
832
314
252
213
496
509
666
789
128
92
-77
871
708
609
782
615
609
730
668
565
45
442
267
139
463
858
174
205
24
120
979
855
433
230
420
281
90
85
421
217
528
82
87
235
690
221
201
651
302
869
567
698
662
833
836
124
690
10
680
66
129
658
272
914
239
691
194
680
127
614
896
654
695
335
889
737
907
441
387
208
661
305
905
322
137
93
797
178
102
477
243
582
486
515
847
77
205
40
756
332
5
652
985
52
338
225
140
244
18
526
451
678
182
707
352
318
799
148
495
252
976
738
186
814
604
32
890
808
424
645
491
780
648
828
831
985
52
970
228
69
847
30
99
28
89
450
697
239
597
192
491
925
281
28
738
884
411
627
43
186
623
534
966
271
361
148
255
764
470
835
185
316
216
283
696
304
732
744
543
680
287
385
604
567
764
341
802
174
319
197
360
942
730
677
212
442
824
818
557
293
4
741
961
220
375
8
875
106
751
769
786
38
153
741
956
268
434
758
442
752
954
153
45
35
829
608
828
652
426
736
297
781
829
257
352
203
264
227
309
14
347
446
403
852
186
359
119
619
116
560
723
421
712
767
807
892
375
986
896
152
721
192
284
549
800
636
104
63
214
412
428
560
209
831
411
746
189
530
717
656
441
791
428
505
557
586
396
283
571
291
786
643
834
70
544
633
57
647
47
622
410
475
181
618
657
944
715
197
473
431
204
265
221
631
769
130
568
517
764
490
159
550
132
993
971
675
977
379
673
24
1000
82
850
180
699
506
475
414
702
299
196
257
564
769
239
684
898
806
200
661
295
359
562
778
703
884
805
